Вход: 1 1 0 0 1 1 1 1 1 0 0 1 0 1 0 0 0 0 
Выход: 
Тупик: 

Вход: 1 1 0 0 1 1 1 1 1 0 0 1 0 1 0 0 0 
Выход: 0 
Тупик: 

Вход: 1 1 0 0 1 1 1 1 1 0 0 1 0 1 0 0 
Выход: 0 
Тупик: 0 

Вход: 1 1 0 0 1 1 1 1 1 0 0 1 0 1 0 
Выход: 0 
Тупик: 0 0 

Вход: 1 1 0 0 1 1 1 1 1 0 0 1 0 1 
Выход: 0 
Тупик: 0 0 0 

Вход: 1 1 0 0 1 1 1 1 1 0 0 1 0 
Выход: 0 1 
Тупик: 0 0 0 

Вход: 1 1 0 0 1 1 1 1 1 0 0 1 0 0 
Выход: 0 1 
Тупик: 0 0 

Вход: 1 1 0 0 1 1 1 1 1 0 0 1 0 
Выход: 0 1 0 
Тупик: 0 0 

Вход: 1 1 0 0 1 1 1 1 1 0 0 1 
Выход: 0 1 0 
Тупик: 0 0 0 

Вход: 1 1 0 0 1 1 1 1 1 0 0 
Выход: 0 1 0 1 
Тупик: 0 0 0 

Вход: 1 1 0 0 1 1 1 1 1 0 0 0 
Выход: 0 1 0 1 
Тупик: 0 0 

Вход: 1 1 0 0 1 1 1 1 1 0 0 
Выход: 0 1 0 1 0 
Тупик: 0 0 

Вход: 1 1 0 0 1 1 1 1 1 0 
Выход: 0 1 0 1 0 
Тупик: 0 0 0 

Вход: 1 1 0 0 1 1 1 1 1 
Выход: 0 1 0 1 0 
Тупик: 0 0 0 0 

Вход: 1 1 0 0 1 1 1 1 
Выход: 0 1 0 1 0 1 
Тупик: 0 0 0 0 

Вход: 1 1 0 0 1 1 1 1 0 
Выход: 0 1 0 1 0 1 
Тупик: 0 0 0 

Вход: 1 1 0 0 1 1 1 1 
Выход: 0 1 0 1 0 1 0 
Тупик: 0 0 0 

Вход: 1 1 0 0 1 1 1 
Выход: 0 1 0 1 0 1 0 1 
Тупик: 0 0 0 

Вход: 1 1 0 0 1 1 1 0 
Выход: 0 1 0 1 0 1 0 1 
Тупик: 0 0 

Вход: 1 1 0 0 1 1 1 
Выход: 0 1 0 1 0 1 0 1 0 
Тупик: 0 0 

Вход: 1 1 0 0 1 1 
Выход: 0 1 0 1 0 1 0 1 0 1 
Тупик: 0 0 

Вход: 1 1 0 0 1 1 0 
Выход: 0 1 0 1 0 1 0 1 0 1 
Тупик: 0 

Вход: 1 1 0 0 1 1 
Выход: 0 1 0 1 0 1 0 1 0 1 0 
Тупик: 0 

Вход: 1 1 0 0 1 
Выход: 0 1 0 1 0 1 0 1 0 1 0 1 
Тупик: 0 

Вход: 1 1 0 0 1 0 
Выход: 0 1 0 1 0 1 0 1 0 1 0 1 
Тупик: 

Вход: 1 1 0 0 1 
Выход: 0 1 0 1 0 1 0 1 0 1 0 1 0 
Тупик: 

Вход: 1 1 0 0 
Выход: 0 1 0 1 0 1 0 1 0 1 0 1 0 1 
Тупик: 

Вход: 1 1 0 
Выход: 0 1 0 1 0 1 0 1 0 1 0 1 0 1 0 
Тупик: 

Вход: 1 1 
Выход: 0 1 0 1 0 1 0 1 0 1 0 1 0 1 0 
Тупик: 0 

Вход: 1 
Выход: 0 1 0 1 0 1 0 1 0 1 0 1 0 1 0 1 
Тупик: 0 

Вход: 1 0 
Выход: 0 1 0 1 0 1 0 1 0 1 0 1 0 1 0 1 
Тупик: 

Вход: 1 
Выход: 0 1 0 1 0 1 0 1 0 1 0 1 0 1 0 1 0 
Тупик: 

Вход: 
Выход: 0 1 0 1 0 1 0 1 0 1 0 1 0 1 0 1 0 1 
Тупик: 

